4468
4467
4450
4442
4441
4439
4376
4306
4293
4289
4231
4212
4199
4142
4137
4137
4119
4112
4111
4085
4082
4078
4025
4025
4024
4018
4014
4006
3992
3991
3985
3979
3972
3954
3915
3900
3877
3865
3857
3856
3824
3811
3802
3779
3743
3727
3691
3689
3678
3673
3656
3598
3585
3540
3530
3520
3503
3503
3481
3472
3460
3455
3422
3408
3397
3389
3388
3388
3375
3364
3356
3332
3329
3328
3315
3281
3276
3270
3263
3222
3216
3206
3189
3159
3157
3153
3118
3107
3086
3062
3053
3044
3040
3039
3035
3027
2989
2987
2986
2956
2956
2921
2911
2885
2874
2863
2842
2836
2811
2802
2797
2791
2785
2740
2730
2711
2681
2656
2607
2602
2594
2590
2579
2576
2558
2541
2535
2530
2519
2513
2510
2508
2503
2496
2495
2490
2484
2482
2481
2481
2465
2432
2431
2427
2422
2393
2388
2385
2384
2381
2359
2354
2351
2298
2292
2259
2225
2175
2168
2155
2154
2130
2130
2128
2093
2066
2060
2036
2031
2023
1989
1977
1945
1920
1915
1901
1899
1888
1888
1881
1876
1868
1856
1822
1812
1811
1805
1782
1774
1753
1731
1724
1720
1719
1715
1710
1697
1693
1658
1621
1604
1601
1585
1575
1572
1531
1530
1530
1502
1478
1459
1442
1432
1404
1398
1388
1349
1340
1319
1318
1316
1299
1283
1282
1267
1257
1257
1248
1227
1207
1203
1182
1166
1156
1122
1108
1099
1055
1034
1026
986
974
969
957
943
911
887
863
855
814
810
761
753
723
723
721
711
700
687
673
664
657
625
619
615
600
574
568
565
553
550
508
490
471
459
447
440
432
429
404
396
365
332
314
279
246
212
211
178
174
164
161
150
136
101
84
43
30
10
3
